,area,perimeter,compactness,kernel_length,kernel_width,asymmetry_coeff,kernel_groove_length
area,100.00,99.43,60.83,95.00,97.08,-22.96,86.37
perimeter,99.43,100.00,52.92,97.24,94.48,-21.73,89.08
compactness,60.83,52.92,100.00,36.79,76.16,-33.15,22.68
kernel_length,95.00,97.24,36.79,100.00,86.04,-17.16,93.28
kernel_width,97.08,94.48,76.16,86.04,100.00,-25.80,74.91
asymmetry_coeff,-22.96,-21.73,-33.15,-17.16,-25.80,100.00,-1.11
kernel_groove_length,86.37,89.08,22.68,93.28,74.91,-1.11,100.00
