                            area   perimeter  compactness  kernel_length  kernel_width  asymmetry_coeff  kernel_groove_length
area                  100.000000   99.434093    60.828842      94.998542     97.077060       -22.957233             86.369275
perimeter              99.434093  100.000000    52.924361      97.242233     94.482936       -21.734037             89.078390
compactness            60.828842   52.924361   100.000000      36.791515     76.163452       -33.147087             22.682482
kernel_length          94.998542   97.242233    36.791515     100.000000     86.041494       -17.156243             93.280609
kernel_width           97.077060   94.482936    76.163452      86.041494    100.000000       -25.803655             74.913147
asymmetry_coeff       -22.957233  -21.734037   -33.147087     -17.156243    -25.803655       100.000000             -1.107902
kernel_groove_length   86.369275   89.078390    22.682482      93.280609     74.913147        -1.107902            100.000000
